26949
43173
52344
57947
63791
14854
14729
17317
40256
52148
52894
41362
15889
10773
7796
45002
549
28940
42526
3295
63083
41770
18011
20924
4091
56960
1158
16580
63282
26788
19919
35687
43549
9840
55942
35469
38981
31439
50828
63882
64848
48521
35779
16208
19922
14254
26000
30971
29124
49270
44154
24059
25995
35993
43949
21677
37559
6659
55173
21698
42429
36859
19714
52143
29918
25244
27378
43306
41791
926
35975
61997
48569
63582
59735
49964
56881
33625
36469
21826
54390
65415
57062
7252
25878
59966
21799
36927
13005
5679
58111
31168
28030
37851
704
39208
58091
45553
20799
47329
7142
2457
62743
31237
28766
13095
20621
55386
3152
8271
17946
2405
37609
11857
40915
64280
51143
17653
26192
22808
15055
57602
24075
34515
41482
10809
14836
3437
19735
63676
40543
44037
50229
29664
28057
31716
7204
37910
20783
43439
55266
58949
42725
37687
37650
21616
23586
44375
56834
38110
29783
3377
26543
825
58228
14749
47769
1499
59569
52282
24038
5077
11119
11048
54638
64986
28646
39167
24696
63901
30115
52892
6632
54220
56002
28343
630
30962
11961
60266
5683
33010
4599
62566
63230
41953
10660
18324
63224
5275
37077
49022
58587
19539
33926
60917
37405
7453
34406
65303
41442
47115
44347
43058
18230
49093
52050
22875
11145
55999
60032
47675
55578
27406
33771
38690
54518
6256
22156
10618
51143
36301
33207
32043
16354
50268
39826
62112
22643
545
37893
30794
38414
22196
43830
26440
56221
16665
42285
21765
17976
37042
56560
24799
4176
31785
24282
55942
63527
45617
